12:05:33 - vision devices
12:05:33 - vision 0
12:05:34 - robot 1  
12:05:34 - vision 0
12:05:34 - logic [[1,1,2,1,1,1],[0,0,0,1,1,1],[2,2,1,2,2,2],[2,2,1,2,1,1],[0,2,2,1,2,2],[0,0,0,0,0,0],[0,0,0,0,0,1]] [[1,1,2,1,1,1],[0,0,2,1,1,1],[2,2,1,2,2,2],[2,2,1,2,1,1],[0,2,2,1,2,2],[0,0,0,0,0,0],[0,0,0,0,0,1]] 
12:05:34 - robot 1  
12:05:36 - vision devices
12:05:36 - vision 0
12:05:36 - robot 6  
12:05:37 - vision 0
12:05:37 - logic [[1,1,2,1,1,1],[0,1,2,1,1,1],[2,2,1,2,2,2],[2,2,1,2,1,1],[0,2,2,1,2,2],[0,0,0,0,0,0],[0,0,0,0,0,1]] [[1,1,2,1,1,1],[0,1,2,1,1,1],[2,2,1,2,2,2],[2,2,1,2,1,1],[0,2,2,1,2,2],[0,0,0,0,0,0],[0,0,0,0,2,1]] 
12:05:37 - robot 1  
12:05:39 - vision devices
12:05:39 - vision 0
12:05:39 - robot 6  
12:05:40 - vision 0
12:05:40 - logic [[1,1,2,1,1,1],[1,1,2,1,1,1],[2,2,1,2,2,2],[2,2,1,2,1,1],[0,2,2,1,2,2],[0,0,0,0,0,0],[0,0,0,0,2,1]] [[1,1,2,1,1,1],[1,1,2,1,1,1],[2,2,1,2,2,2],[2,2,1,2,1,1],[0,2,2,1,2,2],[0,0,0,0,0,0],[0,0,0,2,2,1]] 
12:05:40 - robot 4  
12:05:42 - vision devices
12:05:42 - vision 0
12:05:42 - robot 6  
12:05:42 - vision 0
12:05:42 - logic [[1,1,2,1,1,1],[1,1,2,1,1,1],[2,2,1,2,2,2],[2,2,1,2,1,1],[1,2,2,1,2,2],[0,0,0,0,0,0],[0,0,0,2,2,1]] [[1,1,2,1,1,1],[1,1,2,1,1,1],[2,2,1,2,2,2],[2,2,1,2,1,1],[1,2,2,1,2,2],[0,0,0,0,0,0],[0,0,2,2,2,1]] 
12:05:42 - robot 6  
12:05:43 - vision devices
12:05:43 - vision 0
12:05:43 - robot 6  
12:05:43 - vision 0
12:05:43 - logic [[1,1,2,1,1,1],[1,1,2,1,1,1],[2,2,1,2,2,2],[2,2,1,2,1,1],[1,2,2,1,2,2],[0,0,0,0,0,0],[0,1,2,2,2,1]] [[1,1,2,1,1,1],[1,1,2,1,1,1],[2,2,1,2,2,2],[2,2,1,2,1,1],[1,2,2,1,2,2],[0,0,0,0,0,0],[2,1,2,2,2,1]] 
12:05:43 - robot 5  
12:05:45 - vision devices
12:05:45 - vision 0
12:05:45 - robot 5  
12:05:46 - vision 0
12:05:46 - logic [[1,1,2,1,1,1],[1,1,2,1,1,1],[2,2,1,2,2,2],[2,2,1,2,1,1],[1,2,2,1,2,2],[0,0,0,0,0,1],[2,1,2,2,2,1]] [[1,1,2,1,1,1],[1,1,2,1,1,1],[2,2,1,2,2,2],[2,2,1,2,1,1],[1,2,2,1,2,2],[0,0,0,0,2,1],[2,1,2,2,2,1]] 
12:05:46 - robot 5  
12:05:47 - vision devices
12:05:47 - vision 0
12:05:47 - robot 5  
12:05:47 - vision 0
12:05:47 - logic [[1,1,2,1,1,1],[1,1,2,1,1,1],[2,2,1,2,2,2],[2,2,1,2,1,1],[1,2,2,1,2,2],[0,0,0,1,2,1],[2,1,2,2,2,1]] [[1,1,1,1,1,1],[1,1,2,1,1,1],[2,2,1,2,2,2],[2,2,1,2,1,1],[1,2,2,1,2,2],[0,0,2,1,2,1],[2,1,2,2,2,1]] 
11:05:36 - logic [[0,0,0,0,0,0],[0,0,0,0,0,0],[0,0,0,0,0,0],[0,0,0,0,0,0],[0,0,0,0,0,0],[0,0,0,0,0,0],[0,0,0,0,0,0]] [[0,0,0,0,0,0],[0,0,0,0,0,0],[0,0,0,0,0,0],[0,0,0,0,0,1],[0,0,0,0,0,0],[0,0,0,0,0,0],[0,0,0,0,0,0]] 
11:05:36 - logic [[0,0,0,0,0,0],[0,0,0,0,0,0],[0,0,0,0,0,0],[0,0,0,0,0,1],[0,0,0,0,0,0],[0,0,0,0,0,0],[0,0,0,0,0,0]] [[0,0,0,0,0,0],[0,0,0,0,0,0],[0,0,0,0,0,0],[0,0,0,0,0,1],[0,0,0,0,0,0],[0,0,0,0,0,0],[0,0,0,0,0,0]] 
